0.655170725099 0.655170725099
0.655170725099 0.655173933609
0.655173933609 0.655173933609
0.655173933609 0.655171045952
0.655171045952 0.655171045952
0.655171045952 0.655173644845
0.655173644845 0.655173644845
0.655173644845 0.655171305842
0.655171305842 0.655171305842
0.655171305842 0.655173410945
0.655173410945 0.655173410945
0.655173410945 0.655171516353
0.655171516353 0.655171516353
0.655171516353 0.655173221487
0.655173221487 0.655173221487
0.655173221487 0.655171686867
0.655171686867 0.655171686867
0.655171686867 0.655173068025
0.655173068025 0.655173068025
0.655173068025 0.655171824983
0.655171824983 0.655171824983
0.655171824983 0.655172943721
0.655172943721 0.655172943721
0.655172943721 0.655171936857
0.655171936857 0.655171936857
0.655171936857 0.655172843035
0.655172843035 0.655172843035
0.655172843035 0.655172027475
0.655172027475 0.655172027475
0.655172027475 0.655172761479
0.655172761479 0.655172761479
0.655172761479 0.655172100875
0.655172100875 0.655172100875
0.655172100875 0.655172695419
0.655172695419 0.655172695419
0.655172695419 0.65517216033
0.65517216033 0.65517216033
0.65517216033 0.65517264191
0.65517264191 0.65517264191
0.65517264191 0.655172208488
0.655172208488 0.655172208488
0.655172208488 0.655172598568
0.655172598568 0.655172598568
0.655172598568 0.655172247496
0.655172247496 0.655172247496
0.655172247496 0.655172563461
0.655172563461 0.655172563461
0.655172563461 0.655172279092
0.655172279092 0.655172279092
0.655172279092 0.655172535024
0.655172535024 0.655172535024
0.655172535024 0.655172304686
0.655172304686 0.655172304686
0.655172304686 0.65517251199
0.65517251199 0.65517251199
0.65517251199 0.655172325416
0.655172325416 0.655172325416
0.655172325416 0.655172493333
0.655172493333 0.655172493333
0.655172493333 0.655172342208
0.655172342208 0.655172342208
0.655172342208 0.65517247822
0.65517247822 0.65517247822
0.65517247822 0.655172355809
0.655172355809 0.655172355809
0.655172355809 0.655172465979
0.655172465979 0.655172465979
0.655172465979 0.655172366826
0.655172366826 0.655172366826
0.655172366826 0.655172456064
0.655172456064 0.655172456064
0.655172456064 0.65517237575
0.65517237575 0.65517237575
0.65517237575 0.655172448032
0.655172448032 0.655172448032
0.655172448032 0.655172382978
0.655172382978 0.655172382978
0.655172382978 0.655172441527
0.655172441527 0.655172441527
0.655172441527 0.655172388833
0.655172388833 0.655172388833
0.655172388833 0.655172436257
0.655172436257 0.655172436257
0.655172436257 0.655172393575
0.655172393575 0.655172393575
0.655172393575 0.655172431989
0.655172431989 0.655172431989
0.655172431989 0.655172397417
0.655172397417 0.655172397417
0.655172397417 0.655172428532
0.655172428532 0.655172428532
0.655172428532 0.655172400528
0.655172400528 0.655172400528
0.655172400528 0.655172425732
0.655172425732 0.655172425732
0.655172425732 0.655172403049
0.655172403049 0.655172403049
0.655172403049 0.655172423463
0.655172423463 0.655172423463
0.655172423463 0.65517240509
0.65517240509 0.65517240509
0.65517240509 0.655172421626
0.655172421626 0.655172421626
0.655172421626 0.655172406744
0.655172406744 0.655172406744
0.655172406744 0.655172420138
0.655172420138 0.655172420138
0.655172420138 0.655172408083
0.655172408083 0.655172408083
0.655172408083 0.655172418932
0.655172418932 0.655172418932
0.655172418932 0.655172409168
0.655172409168 0.655172409168
0.655172409168 0.655172417956
0.655172417956 0.655172417956
0.655172417956 0.655172410047
0.655172410047 0.655172410047
0.655172410047 0.655172417165
0.655172417165 0.655172417165
0.655172417165 0.655172410759
0.655172410759 0.655172410759
0.655172410759 0.655172416524
0.655172416524 0.655172416524
0.655172416524 0.655172411335
0.655172411335 0.655172411335
0.655172411335 0.655172416005
0.655172416005 0.655172416005
0.655172416005 0.655172411802
0.655172411802 0.655172411802
0.655172411802 0.655172415585
0.655172415585 0.655172415585
0.655172415585 0.65517241218
0.65517241218 0.65517241218
0.65517241218 0.655172415245
0.655172415245 0.655172415245
0.655172415245 0.655172412487
0.655172412487 0.655172412487
0.655172412487 0.655172414969
0.655172414969 0.655172414969
0.655172414969 0.655172412735
0.655172412735 0.655172412735
0.655172412735 0.655172414745
0.655172414745 0.655172414745
0.655172414745 0.655172412936
0.655172412936 0.655172412936
0.655172412936 0.655172414564
0.655172414564 0.655172414564
0.655172414564 0.655172413099
0.655172413099 0.655172413099
0.655172413099 0.655172414418
0.655172414418 0.655172414418
0.655172414418 0.655172413231
0.655172413231 0.655172413231
0.655172413231 0.655172414299
0.655172414299 0.655172414299
0.655172414299 0.655172413338
0.655172413338 0.655172413338
0.655172413338 0.655172414203
0.655172414203 0.655172414203
0.655172414203 0.655172413424
0.655172413424 0.655172413424
0.655172413424 0.655172414125
0.655172414125 0.655172414125
0.655172414125 0.655172413494
0.655172413494 0.655172413494
0.655172413494 0.655172414062
0.655172414062 0.655172414062
0.655172414062 0.655172413551
0.655172413551 0.655172413551
0.655172413551 0.655172414011
0.655172414011 0.655172414011
0.655172414011 0.655172413597
0.655172413597 0.655172413597
0.655172413597 0.65517241397
0.65517241397 0.65517241397
0.65517241397 0.655172413634
0.655172413634 0.655172413634
0.655172413634 0.655172413936
0.655172413936 0.655172413936
0.655172413936 0.655172413664
0.655172413664 0.655172413664
0.655172413664 0.655172413909
0.655172413909 0.655172413909
0.655172413909 0.655172413689
0.655172413689 0.655172413689
0.655172413689 0.655172413887
0.655172413887 0.655172413887
0.655172413887 0.655172413709
0.655172413709 0.655172413709
0.655172413709 0.655172413869
0.655172413869 0.655172413869
0.655172413869 0.655172413725
0.655172413725 0.655172413725
0.655172413725 0.655172413855
0.655172413855 0.655172413855
0.655172413855 0.655172413738
0.655172413738 0.655172413738
0.655172413738 0.655172413843
0.655172413843 0.655172413843
0.655172413843 0.655172413748
0.655172413748 0.655172413748
0.655172413748 0.655172413833
0.655172413833 0.655172413833
0.655172413833 0.655172413757
0.655172413757 0.655172413757
0.655172413757 0.655172413826
0.655172413826 0.655172413826
0.655172413826 0.655172413764
0.655172413764 0.655172413764
0.655172413764 0.65517241382
0.65517241382 0.65517241382
0.65517241382 0.655172413769
0.655172413769 0.655172413769
0.655172413769 0.655172413815
0.655172413815 0.655172413815
0.655172413815 0.655172413774
0.655172413774 0.655172413774
0.655172413774 0.65517241381
0.65517241381 0.65517241381
0.65517241381 0.655172413777
0.655172413777 0.655172413777
0.655172413777 0.655172413807
0.655172413807 0.655172413807
0.655172413807 0.65517241378
0.65517241378 0.65517241378
0.65517241378 0.655172413805
0.655172413805 0.655172413805
0.655172413805 0.655172413783
0.655172413783 0.655172413783
0.655172413783 0.655172413802
0.655172413802 0.655172413802
0.655172413802 0.655172413785
0.655172413785 0.655172413785
0.655172413785 0.655172413801
0.655172413801 0.655172413801
0.655172413801 0.655172413786
0.655172413786 0.655172413786
0.655172413786 0.655172413799
0.655172413799 0.655172413799
0.655172413799 0.655172413788
0.655172413788 0.655172413788
0.655172413788 0.655172413798
0.655172413798 0.655172413798
0.655172413798 0.655172413789
0.655172413789 0.655172413789
0.655172413789 0.655172413797
0.655172413797 0.655172413797
0.655172413797 0.65517241379
0.65517241379 0.65517241379
0.65517241379 0.655172413796
0.655172413796 0.655172413796
0.655172413796 0.65517241379
0.65517241379 0.65517241379
0.65517241379 0.655172413796
0.655172413796 0.655172413796
0.655172413796 0.655172413791
0.655172413791 0.655172413791
0.655172413791 0.655172413795
0.655172413795 0.655172413795
0.655172413795 0.655172413791
0.655172413791 0.655172413791
0.655172413791 0.655172413795
0.655172413795 0.655172413795
0.655172413795 0.655172413792
0.655172413792 0.655172413792
0.655172413792 0.655172413794
0.655172413794 0.655172413794
0.655172413794 0.655172413792
0.655172413792 0.655172413792
0.655172413792 0.655172413794
0.655172413794 0.655172413794
0.655172413794 0.655172413792
0.655172413792 0.655172413792
0.655172413792 0.655172413794
0.655172413794 0.655172413794
0.655172413794 0.655172413792
0.655172413792 0.655172413792
0.655172413792 0.655172413794
0.655172413794 0.655172413794
0.655172413794 0.655172413792
0.655172413792 0.655172413792
0.655172413792 0.655172413794
0.655172413794 0.655172413794
0.655172413794 0.655172413793
0.655172413793 0.655172413793
0.655172413793 0.655172413794
0.655172413794 0.655172413794
0.655172413794 0.655172413793
0.655172413793 0.655172413793
0.655172413793 0.655172413793
0.655172413793 0.655172413793
0.655172413793 0.655172413793
0.655172413793 0.655172413793
0.655172413793 0.655172413793
0.655172413793 0.655172413793
0.655172413793 0.655172413793
0.655172413793 0.655172413793
0.655172413793 0.655172413793
0.655172413793 0.655172413793
0.655172413793 0.655172413793
0.655172413793 0.655172413793
0.655172413793 0.655172413793
0.655172413793 0.655172413793
0.655172413793 0.655172413793
0.655172413793 0.655172413793
0.655172413793 0.655172413793
0.655172413793 0.655172413793
0.655172413793 0.655172413793
0.655172413793 0.655172413793
0.655172413793 0.655172413793
0.655172413793 0.655172413793
0.655172413793 0.655172413793
0.655172413793 0.655172413793
0.655172413793 0.655172413793
0.655172413793 0.655172413793
0.655172413793 0.655172413793
0.655172413793 0.655172413793
0.655172413793 0.655172413793
0.655172413793 0.655172413793
0.655172413793 0.655172413793
0.655172413793 0.655172413793
0.655172413793 0.655172413793
0.655172413793 0.655172413793
0.655172413793 0.655172413793
0.655172413793 0.655172413793
0.655172413793 0.655172413793
0.655172413793 0.655172413793
0.655172413793 0.655172413793
0.655172413793 0.655172413793
0.655172413793 0.655172413793
0.655172413793 0.655172413793
0.655172413793 0.655172413793
0.655172413793 0.655172413793
0.655172413793 0.655172413793
0.655172413793 0.655172413793
0.655172413793 0.655172413793
0.655172413793 0.655172413793
0.655172413793 0.655172413793
0.655172413793 0.655172413793
0.655172413793 0.655172413793
0.655172413793 0.655172413793
0.655172413793 0.655172413793
0.655172413793 0.655172413793
0.655172413793 0.655172413793
0.655172413793 0.655172413793
0.655172413793 0.655172413793
0.655172413793 0.655172413793
0.655172413793 0.655172413793
0.655172413793 0.655172413793
0.655172413793 0.655172413793
0.655172413793 0.655172413793
0.655172413793 0.655172413793
0.655172413793 0.655172413793
0.655172413793 0.655172413793
0.655172413793 0.655172413793
0.655172413793 0.655172413793
0.655172413793 0.655172413793
0.655172413793 0.655172413793
0.655172413793 0.655172413793
0.655172413793 0.655172413793
0.655172413793 0.655172413793
0.655172413793 0.655172413793
0.655172413793 0.655172413793
0.655172413793 0.655172413793
0.655172413793 0.655172413793
0.655172413793 0.655172413793
0.655172413793 0.655172413793
0.655172413793 0.655172413793
0.655172413793 0.655172413793
0.655172413793 0.655172413793
0.655172413793 0.655172413793
0.655172413793 0.655172413793
0.655172413793 0.655172413793
0.655172413793 0.655172413793
0.655172413793 0.655172413793
0.655172413793 0.655172413793
0.655172413793 0.655172413793
0.655172413793 0.655172413793
0.655172413793 0.655172413793
0.655172413793 0.655172413793
0.655172413793 0.655172413793
0.655172413793 0.655172413793
0.655172413793 0.655172413793
0.655172413793 0.655172413793
0.655172413793 0.655172413793
0.655172413793 0.655172413793
0.655172413793 0.655172413793
0.655172413793 0.655172413793
0.655172413793 0.655172413793
0.655172413793 0.655172413793
0.655172413793 0.655172413793
0.655172413793 0.655172413793
0.655172413793 0.655172413793
0.655172413793 0.655172413793
0.655172413793 0.655172413793
0.655172413793 0.655172413793
0.655172413793 0.655172413793
0.655172413793 0.655172413793
0.655172413793 0.655172413793
0.655172413793 0.655172413793
0.655172413793 0.655172413793
0.655172413793 0.655172413793
0.655172413793 0.655172413793
0.655172413793 0.655172413793
0.655172413793 0.655172413793
0.655172413793 0.655172413793
0.655172413793 0.655172413793
0.655172413793 0.655172413793
0.655172413793 0.655172413793
0.655172413793 0.655172413793
0.655172413793 0.655172413793
0.655172413793 0.655172413793
0.655172413793 0.655172413793
0.655172413793 0.655172413793
0.655172413793 0.655172413793
0.655172413793 0.655172413793
0.655172413793 0.655172413793
0.655172413793 0.655172413793
0.655172413793 0.655172413793
0.655172413793 0.655172413793
0.655172413793 0.655172413793
0.655172413793 0.655172413793
0.655172413793 0.655172413793
0.655172413793 0.655172413793
0.655172413793 0.655172413793
0.655172413793 0.655172413793
0.655172413793 0.655172413793
0.655172413793 0.655172413793
0.655172413793 0.655172413793
0.655172413793 0.655172413793
0.655172413793 0.655172413793
0.655172413793 0.655172413793
0.655172413793 0.655172413793
0.655172413793 0.655172413793
0.655172413793 0.655172413793
0.655172413793 0.655172413793
0.655172413793 0.655172413793
0.655172413793 0.655172413793
0.655172413793 0.655172413793
0.655172413793 0.655172413793
0.655172413793 0.655172413793
0.655172413793 0.655172413793
0.655172413793 0.655172413793
0.655172413793 0.655172413793
0.655172413793 0.655172413793
0.655172413793 0.655172413793
0.655172413793 0.655172413793
0.655172413793 0.655172413793
0.655172413793 0.655172413793
0.655172413793 0.655172413793
0.655172413793 0.655172413793
0.655172413793 0.655172413793
0.655172413793 0.655172413793
0.655172413793 0.655172413793
0.655172413793 0.655172413793
0.655172413793 0.655172413793
0.655172413793 0.655172413793
0.655172413793 0.655172413793
0.655172413793 0.655172413793
0.655172413793 0.655172413793
0.655172413793 0.655172413793
0.655172413793 0.655172413793
0.655172413793 0.655172413793
0.655172413793 0.655172413793
0.655172413793 0.655172413793
0.655172413793 0.655172413793
0.655172413793 0.655172413793
0.655172413793 0.655172413793
0.655172413793 0.655172413793
0.655172413793 0.655172413793
0.655172413793 0.655172413793
0.655172413793 0.655172413793
0.655172413793 0.655172413793
0.655172413793 0.655172413793
0.655172413793 0.655172413793
0.655172413793 0.655172413793
0.655172413793 0.655172413793
0.655172413793 0.655172413793
0.655172413793 0.655172413793
0.655172413793 0.655172413793
0.655172413793 0.655172413793
0.655172413793 0.655172413793
0.655172413793 0.655172413793
0.655172413793 0.655172413793
0.655172413793 0.655172413793
0.655172413793 0.655172413793
0.655172413793 0.655172413793
0.655172413793 0.655172413793
0.655172413793 0.655172413793
0.655172413793 0.655172413793
0.655172413793 0.655172413793
0.655172413793 0.655172413793
0.655172413793 0.655172413793
0.655172413793 0.655172413793
0.655172413793 0.655172413793
0.655172413793 0.655172413793
0.655172413793 0.655172413793
0.655172413793 0.655172413793
0.655172413793 0.655172413793
0.655172413793 0.655172413793
0.655172413793 0.655172413793
0.655172413793 0.655172413793
0.655172413793 0.655172413793
0.655172413793 0.655172413793
0.655172413793 0.655172413793
0.655172413793 0.655172413793
0.655172413793 0.655172413793
0.655172413793 0.655172413793
0.655172413793 0.655172413793
0.655172413793 0.655172413793
0.655172413793 0.655172413793
0.655172413793 0.655172413793
0.655172413793 0.655172413793
0.655172413793 0.655172413793
0.655172413793 0.655172413793
0.655172413793 0.655172413793
0.655172413793 0.655172413793
0.655172413793 0.655172413793
0.655172413793 0.655172413793
0.655172413793 0.655172413793
0.655172413793 0.655172413793
0.655172413793 0.655172413793
0.655172413793 0.655172413793
0.655172413793 0.655172413793
0.655172413793 0.655172413793
0.655172413793 0.655172413793
0.655172413793 0.655172413793
0.655172413793 0.655172413793
0.655172413793 0.655172413793
0.655172413793 0.655172413793
0.655172413793 0.655172413793
0.655172413793 0.655172413793
0.655172413793 0.655172413793
0.655172413793 0.655172413793
0.655172413793 0.655172413793
0.655172413793 0.655172413793
0.655172413793 0.655172413793
0.655172413793 0.655172413793
0.655172413793 0.655172413793
0.655172413793 0.655172413793
0.655172413793 0.655172413793
0.655172413793 0.655172413793
0.655172413793 0.655172413793
0.655172413793 0.655172413793
0.655172413793 0.655172413793
0.655172413793 0.655172413793
0.655172413793 0.655172413793
0.655172413793 0.655172413793
0.655172413793 0.655172413793
0.655172413793 0.655172413793
0.655172413793 0.655172413793
0.655172413793 0.655172413793
0.655172413793 0.655172413793
0.655172413793 0.655172413793
0.655172413793 0.655172413793
0.655172413793 0.655172413793
0.655172413793 0.655172413793
0.655172413793 0.655172413793
0.655172413793 0.655172413793
0.655172413793 0.655172413793
0.655172413793 0.655172413793
0.655172413793 0.655172413793
0.655172413793 0.655172413793
0.655172413793 0.655172413793
0.655172413793 0.655172413793
0.655172413793 0.655172413793
0.655172413793 0.655172413793
0.655172413793 0.655172413793
0.655172413793 0.655172413793
0.655172413793 0.655172413793
0.655172413793 0.655172413793
0.655172413793 0.655172413793
0.655172413793 0.655172413793
0.655172413793 0.655172413793
0.655172413793 0.655172413793
0.655172413793 0.655172413793
0.655172413793 0.655172413793
0.655172413793 0.655172413793
0.655172413793 0.655172413793
0.655172413793 0.655172413793
0.655172413793 0.655172413793
0.655172413793 0.655172413793
0.655172413793 0.655172413793
0.655172413793 0.655172413793
0.655172413793 0.655172413793
0.655172413793 0.655172413793
0.655172413793 0.655172413793
0.655172413793 0.655172413793
0.655172413793 0.655172413793
0.655172413793 0.655172413793
0.655172413793 0.655172413793
0.655172413793 0.655172413793
0.655172413793 0.655172413793
0.655172413793 0.655172413793
0.655172413793 0.655172413793
0.655172413793 0.655172413793
0.655172413793 0.655172413793
0.655172413793 0.655172413793
