0.597825646216 0.597825646216
0.597825646216 0.959316270341
0.959316270341 0.959316270341
0.959316270341 0.155723969563
0.155723969563 0.155723969563
0.155723969563 0.524581319319
0.524581319319 0.524581319319
0.524581319319 0.995089077375
0.995089077375 0.995089077375
0.995089077375 0.019498353802
0.019498353802 0.019498353802
0.019498353802 0.0762814903239
0.0762814903239 0.0762814903239
0.0762814903239 0.281145871986
0.281145871986 0.281145871986
0.281145871986 0.806390453898
0.806390453898 0.806390453898
0.806390453898 0.622938310142
0.622938310142 0.622938310142
0.622938310142 0.937195825878
0.937195825878 0.937195825878
0.937195825878 0.23485064124
0.23485064124 0.23485064124
0.23485064124 0.716986312021
0.716986312021 0.716986312021
0.716986312021 0.809638592179
0.809638592179 0.809638592179
0.809638592179 0.614954529511
0.614954529511 0.614954529511
0.614954529511 0.944773970018
0.944773970018 0.944773970018
0.944773970018 0.208182701223
0.208182701223 0.208182701223
0.208182701223 0.657722229896
0.657722229896 0.657722229896
0.657722229896 0.898243555805
0.898243555805 0.898243555805
0.898243555805 0.364694260337
0.364694260337 0.364694260337
0.364694260337 0.924452503688
0.924452503688 0.924452503688
0.924452503688 0.27866188773
0.27866188773 0.27866188773
0.27866188773 0.802027665826
0.802027665826 0.802027665826
0.802027665826 0.633529363412
0.633529363412 0.633529363412
0.633529363412 0.926357937336
0.926357937336 0.926357937336
0.926357937336 0.272193447991
0.272193447991 0.272193447991
0.272193447991 0.790435657698
0.790435657698 0.790435657698
0.790435657698 0.660932043662
0.660932043662 0.660932043662
0.660932043662 0.894162500518
0.894162500518 0.894162500518
0.894162500518 0.37759733351
0.37759733351 0.37759733351
0.37759733351 0.937720173072
0.937720173072 0.937720173072
0.937720173072 0.233020189842
0.233020189842 0.233020189842
0.233020189842 0.713099906063
0.713099906063 0.713099906063
0.713099906063 0.816307835844
0.816307835844 0.816307835844
0.816307835844 0.598297918405
0.598297918405 0.598297918405
0.598297918405 0.958946701757
0.958946701757 0.958946701757
0.958946701757 0.157078020537
0.157078020537 0.157078020537
0.157078020537 0.528294018844
0.528294018844 0.528294018844
0.528294018844 0.994305799506
0.994305799506 0.994305799506
0.994305799506 0.0225904885346
0.0225904885346 0.0225904885346
0.0225904885346 0.0880998318659
0.0880998318659 0.0880998318659
0.0880998318659 0.320549623449
0.320549623449 0.320549623449
0.320549623449 0.8690122738
0.8690122738 0.8690122738
0.8690122738 0.454181467723
0.454181467723 0.454181467723
0.454181467723 0.989123641779
0.989123641779 0.989123641779
0.989123641779 0.0429246715816
0.0429246715816 0.0429246715816
0.0429246715816 0.163917755163
0.163917755163 0.163917755163
0.163917755163 0.546824411575
0.546824411575 0.546824411575
0.546824411575 0.988751823178
0.988751823178 0.988751823178
0.988751823178 0.044375404808
0.044375404808 0.044375404808
0.044375404808 0.169200850742
0.169200850742 0.169200850742
0.169200850742 0.560881972172
0.560881972172 0.560881972172
0.560881972172 0.982710608003
0.982710608003 0.982710608003
0.982710608003 0.0677919709955
0.0677919709955 0.0677919709955
0.0677919709955 0.25215291646
0.25215291646 0.25215291646
0.25215291646 0.75240157449
0.75240157449 0.75240157449
0.75240157449 0.743310846327
0.743310846327 0.743310846327
0.743310846327 0.761291329917
0.761291329917 0.761291329917
0.761291329917 0.725090095231
0.725090095231 0.725090095231
0.725090095231 0.795344451626
0.795344451626 0.795344451626
0.795344451626 0.649458903027
0.649458903027 0.649458903027
0.649458903027 0.908371524861
0.908371524861 0.908371524861
0.908371524861 0.332098463754
0.332098463754 0.332098463754
0.332098463754 0.885018205764
0.885018205764 0.885018205764
0.885018205764 0.406026315108
0.406026315108 0.406026315108
0.406026315108 0.962264096726
0.962264096726 0.962264096726
0.962264096726 0.144884500463
0.144884500463 0.144884500463
0.144884500463 0.494332998135
0.494332998135 0.494332998135
0.494332998135 0.997371861509
0.997371861509 0.997371861509
0.997371861509 0.0104587132042
0.0104587132042 0.0104587132042
0.0104587132042 0.0412938208041
0.0412938208041 0.0412938208041
0.0412938208041 0.157958678258
0.157958678258 0.157958678258
0.157958678258 0.530700859543
0.530700859543 0.530700859543
0.530700859543 0.993739254321
0.993739254321 0.993739254321
0.993739254321 0.0248239794821
0.0248239794821 0.0248239794821
0.0248239794821 0.096588920604
0.096588920604 0.096588920604
0.096588920604 0.348165409072
0.348165409072 0.348165409072
0.348165409072 0.905515565421
0.905515565421 0.905515565421
0.905515565421 0.341372933543
0.341372933543 0.341372933543
0.341372933543 0.897101440611
0.897101440611 0.897101440611
0.897101440611 0.368318678999
0.368318678999 0.368318678999
0.368318678999 0.928313518501
0.928313518501 0.928313518501
0.928313518501 0.265524644178
0.265524644178 0.265524644178
0.265524644178 0.778135016974
0.778135016974 0.778135016974
0.778135016974 0.688837240208
0.688837240208 0.688837240208
0.688837240208 0.855218581875
0.855218581875 0.855218581875
0.855218581875 0.494040838771
0.494040838771 0.494040838771
0.494040838771 0.997358308706
0.997358308706 0.997358308706
0.997358308706 0.0105125039175
0.0105125039175 0.0105125039175
0.0105125039175 0.0415039448038
0.0415039448038 0.0415039448038
0.0415039448038 0.158727655804
0.158727655804 0.158727655804
0.158727655804 0.532797416478
0.532797416478 0.532797416478
0.532797416478 0.993208074595
0.993208074595 0.993208074595
0.993208074595 0.0269157226664
0.0269157226664 0.0269157226664
0.0269157226664 0.104503153494
0.104503153494 0.104503153494
0.104503153494 0.37339315517
0.37339315517 0.37339315517
0.37339315517 0.9335431203
0.9335431203 0.9335431203
0.9335431203 0.247541047732
0.247541047732 0.247541047732
0.247541047732 0.743195264905
0.743195264905 0.743195264905
0.743195264905 0.76151569188
0.76151569188 0.76151569188
0.76151569188 0.724622076173
0.724622076173 0.724622076173
0.724622076173 0.796184242354
0.796184242354 0.796184242354
0.796184242354 0.647476829379
0.647476829379 0.647476829379
0.647476829379 0.910719833337
0.910719833337 0.910719833337
0.910719833337 0.324423781828
0.324423781828 0.324423781828
0.324423781828 0.874500236533
0.874500236533 0.874500236533
0.874500236533 0.437900795617
0.437900795617 0.437900795617
0.437900795617 0.982113318372
0.982113318372 0.982113318372
0.982113318372 0.0700913255108
0.0700913255108 0.0700913255108
0.0700913255108 0.26006234108
0.26006234108 0.26006234108
0.26006234108 0.76779538013
0.76779538013 0.76779538013
0.76779538013 0.711359681181
0.711359681181 0.711359681181
0.711359681181 0.819255069832
0.819255069832 0.819255069832
0.819255069832 0.590824039543
0.590824039543 0.590824039543
0.590824039543 0.964586465426
0.964586465426 0.964586465426
0.964586465426 0.136296070409
0.136296070409 0.136296070409
0.136296070409 0.469700611885
0.469700611885 0.469700611885
0.469700611885 0.993836968849
0.993836968849 0.993836968849
0.993836968849 0.0244389423113
0.0244389423113 0.0244389423113
0.0244389423113 0.095128304836
0.095128304836 0.095128304836
0.095128304836 0.343454852716
0.343454852716 0.343454852716
0.343454852716 0.899719531278
0.899719531278 0.899719531278
0.899719531278 0.359994942296
0.359994942296 0.359994942296
0.359994942296 0.91929034943
0.91929034943 0.91929034943
0.91929034943 0.296040455469
0.296040455469 0.296040455469
0.296040455469 0.831518011737
0.831518011737 0.831518011737
0.831518011737 0.558982273496
0.558982273496 0.558982273496
0.558982273496 0.983619154739
0.983619154739 0.983619154739
0.983619154739 0.0642889275479
0.0642889275479 0.0642889275479
0.0642889275479 0.240021886757
0.240021886757 0.240021886757
0.240021886757 0.727821408733
0.727821408733 0.727821408733
0.727821408733 0.790408648835
0.790408648835 0.790408648835
0.790408648835 0.66099463856
0.66099463856 0.66099463856
0.66099463856 0.894082098156
0.894082098156 0.894082098156
0.894082098156 0.377850206653
0.377850206653 0.377850206653
0.377850206653 0.937966917662
0.937966917662 0.937966917662
0.937966917662 0.232158066346
0.232158066346 0.232158066346
0.232158066346 0.71126018732
0.71126018732 0.71126018732
0.71126018732 0.819422841682
0.819422841682 0.819422841682
0.819422841682 0.590396502366
0.590396502366 0.590396502366
0.590396502366 0.964895604716
0.964895604716 0.964895604716
0.964895604716 0.135149586095
0.135149586095 0.135149586095
0.135149586095 0.466367860138
0.466367860138 0.466367860138
0.466367860138 0.992986827881
0.992986827881 0.992986827881
0.992986827881 0.0277863102662
0.0277863102662 0.0277863102662
0.0277863102662 0.1077867826
0.1077867826 0.1077867826
0.1077867826 0.383713480465
0.383713480465 0.383713480465
0.383713480465 0.943545007044
0.943545007044 0.943545007044
0.943545007044 0.212538628637
0.212538628637 0.212538628637
0.212538628637 0.667790180297
0.667790180297 0.667790180297
0.667790180297 0.88516735703
0.88516735703 0.88516735703
0.88516735703 0.405567967243
0.405567967243 0.405567967243
0.405567967243 0.961919538845
0.961919538845 0.961919538845
0.961919538845 0.146155055135
0.146155055135 0.146155055135
0.146155055135 0.497927082425
0.497927082425 0.497927082425
0.497927082425 0.997482855021
0.997482855021 0.997482855021
0.997482855021 0.0100181277519
0.0100181277519 0.0100181277519
0.0100181277519 0.0395718818241
0.0395718818241 0.0395718818241
0.0395718818241 0.151643732492
0.151643732492 0.151643732492
0.151643732492 0.513305164443
0.513305164443 0.513305164443
0.513305164443 0.996793660671
0.996793660671 0.996793660671
0.996793660671 0.012752274283
0.012752274283 0.012752274283
0.012752274283 0.0502327185967
0.0502327185967 0.0502327185967
0.0502327185967 0.190360476391
0.190360476391 0.190360476391
0.190360476391 0.614952228022
0.614952228022 0.614952228022
0.614952228022 0.944776081239
0.944776081239 0.944776081239
0.944776081239 0.208175207856
0.208175207856 0.208175207856
0.208175207856 0.657704779854
0.657704779854 0.657704779854
0.657704779854 0.898265517621
0.898265517621 0.898265517621
0.898265517621 0.364624464122
0.364624464122 0.364624464122
0.364624464122 0.9243771225
0.9243771225 0.9243771225
0.9243771225 0.278917191014
0.278917191014 0.278917191014
0.278917191014 0.802478342368
0.802478342368 0.802478342368
0.802478342368 0.63244234107
0.63244234107 0.63244234107
0.63244234107 0.927511514904
0.927511514904 0.927511514904
0.927511514904 0.26826327945
0.26826327945 0.26826327945
0.26826327945 0.783229388472
0.783229388472 0.783229388472
0.783229388472 0.677426642889
0.677426642889 0.677426642889
0.677426642889 0.871893947709
0.871893947709 0.871893947709
0.871893947709 0.445662617715
0.445662617715 0.445662617715
0.445662617715 0.985719321057
0.985719321057 0.985719321057
0.985719321057 0.0561661971978
0.0561661971978 0.0561661971978
0.0561661971978 0.211516106406
0.211516106406 0.211516106406
0.211516106406 0.665440402115
0.665440402115 0.665440402115
0.665440402115 0.888291598658
0.888291598658 0.888291598658
0.888291598658 0.395926241302
0.395926241302 0.395926241302
0.395926241302 0.954282924474
0.954282924474 0.954282924474
0.954282924474 0.17407182788
0.17407182788 0.17407182788
0.17407182788 0.573645598208
0.573645598208 0.573645598208
0.573645598208 0.9758595402
0.9758595402 0.9758595402
0.9758595402 0.0939952150235
0.0939952150235 0.0939952150235
0.0939952150235 0.339788857159
0.339788857159 0.339788857159
0.339788857159 0.895086234941
0.895086234941 0.895086234941
0.895086234941 0.37468839917
0.37468839917 0.37468839917
0.37468839917 0.934845040763
0.934845040763 0.934845040763
0.934845040763 0.243030064191
0.243030064191 0.243030064191
0.243030064191 0.734026143841
0.734026143841 0.734026143841
0.734026143841 0.778974738355
0.778974738355 0.778974738355
0.778974738355 0.686970650485
0.686970650485 0.686970650485
0.686970650485 0.85801748367
0.85801748367 0.85801748367
0.85801748367 0.486075690732
0.486075690732 0.486075690732
0.486075690732 0.996726393309
0.996726393309 0.996726393309
0.996726393309 0.0130189318571
0.0130189318571 0.0130189318571
0.0130189318571 0.051269262689
0.051269262689 0.051269262689
0.051269262689 0.194076494315
0.194076494315 0.194076494315
0.194076494315 0.624079126592
0.624079126592 0.624079126592
0.624079126592 0.936071437673
0.936071437673 0.936071437673
0.936071437673 0.23876838797
0.23876838797 0.23876838797
0.23876838797 0.725214599056
0.725214599056 0.725214599056
0.725214599056 0.795120753644
0.795120753644 0.795120753644
0.795120753644 0.649985925667
0.649985925667 0.649985925667
0.649985925667 0.907741846186
0.907741846186 0.907741846186
0.907741846186 0.334148881606
0.334148881606 0.334148881606
0.334148881606 0.887748692045
0.887748692045 0.887748692045
0.887748692045 0.397607297753
0.397607297753 0.397607297753
0.397607297753 0.955667780761
0.955667780761 0.955667780761
0.955667780761 0.169043825571
0.169043825571 0.169043825571
0.169043825571 0.560467362323
0.560467362323 0.560467362323
0.560467362323 0.982911355394
0.982911355394 0.982911355394
0.982911355394 0.0670185250992
0.0670185250992 0.0670185250992
0.0670185250992 0.249482899147
0.249482899147 0.249482899147
0.249482899147 0.747092316899
0.747092316899 0.747092316899
0.747092316899 0.753892093849
0.753892093849 0.753892093849
0.753892093849 0.740299830677
0.740299830677 0.740299830677
0.740299830677 0.767101405593
0.767101405593 0.767101405593
0.767101405593 0.712840788129
0.712840788129 0.712840788129
0.712840788129 0.816748207646
0.816748207646 0.816748207646
0.816748207646 0.597185586083
0.597185586083 0.597185586083
0.597185586083 0.959814297813
0.959814297813 0.959814297813
0.959814297813 0.153897537993
0.153897537993 0.153897537993
0.153897537993 0.519550212313
0.519550212313 0.519550212313
0.519550212313 0.995974978902
0.995974978902 0.995974978902
0.995974978902 0.0159951930095
0.0159951930095 0.0159951930095
0.0159951930095 0.0627999937722
0.0627999937722 0.0627999937722
0.0627999937722 0.234836056672
0.234836056672 0.234836056672
0.234836056672 0.716955451803
0.716955451803 0.716955451803
0.716955451803 0.809692024412
0.809692024412 0.809692024412
0.809692024412 0.614822491563
0.614822491563 0.614822491563
0.614822491563 0.944895023771
0.944895023771 0.944895023771
0.944895023771 0.207752987118
0.207752987118 0.207752987118
0.207752987118 0.65672081701
0.65672081701 0.65672081701
0.65672081701 0.899499956207
0.899499956207 0.899499956207
0.899499956207 0.360695142112
0.360695142112 0.360695142112
0.360695142112 0.920070684709
0.920070684709 0.920070684709
0.920070684709 0.293427073192
0.293427073192 0.293427073192
0.293427073192 0.827237227381
0.827237227381 0.827237227381
0.827237227381 0.570234030093
0.570234030093 0.570234030093
0.570234030093 0.977818052257
0.977818052257 0.977818052257
0.977818052257 0.0865427366582
0.0865427366582 0.0865427366582
0.0865427366582 0.315421834646
0.315421834646 0.315421834646
0.315421834646 0.861564294489
0.861564294489 0.861564294489
0.861564294489 0.475892331194
0.475892331194 0.475892331194
0.475892331194 0.995181093016
0.995181093016 0.995181093016
0.995181093016 0.0191347836273
0.0191347836273 0.0191347836273
0.0191347836273 0.0748868882946
0.0748868882946 0.0748868882946
0.0748868882946 0.276422580602
0.276422580602 0.276422580602
0.276422580602 0.798052418766
0.798052418766 0.798052418766
0.798052418766 0.643047375114
0.643047375114 0.643047375114
0.643047375114 0.915854419407
0.915854419407 0.915854419407
0.915854419407 0.307489756419
0.307489756419 0.307489756419
0.307489756419 0.849629826404
0.849629826404 0.849629826404
0.849629826404 0.509758348109
0.509758348109 0.509758348109
0.509758348109 0.997120050822
0.997120050822 0.997120050822
0.997120050822 0.011457903731
0.011457903731 0.011457903731
0.011457903731 0.0451932144905
0.0451932144905 0.0451932144905
0.0451932144905 0.172171643539
0.172171643539 0.172171643539
0.172171643539 0.568688989115
0.568688989115 0.568688989115
0.568688989115 0.97867447287
0.97867447287 0.97867447287
0.97867447287 0.0832742886006
0.0832742886006 0.0832742886006
0.0832742886006 0.30459532902
0.30459532902 0.30459532902
0.30459532902 0.845149888091
0.845149888091 0.845149888091
0.845149888091 0.522177503455
0.522177503455 0.522177503455
0.522177503455 0.995537551779
0.995537551779 0.995537551779
0.995537551779 0.0177257137615
0.0177257137615 0.0177257137615
0.0177257137615 0.0694719362041
0.0694719362041 0.0694719362041
0.0694719362041 0.257935889274
0.257935889274 0.257935889274
0.257935889274 0.76370581553
0.76370581553 0.76370581553
0.76370581553 0.720032378994
0.720032378994 0.720032378994
0.720032378994 0.804327151255
0.804327151255 0.804327151255
0.804327151255 0.627966090186
0.627966090186 0.627966090186
0.627966090186 0.932162472252
0.932162472252 0.932162472252
0.932162472252 0.252310034331
0.252310034331 0.252310034331
0.252310034331 0.752712226818
0.752712226818 0.752712226818
0.752712226818 0.742684756363
0.742684756363 0.742684756363
0.742684756363 0.762505395026
0.762505395026 0.762505395026
0.762505395026 0.722552761153
0.722552761153 0.722552761153
0.722552761153 0.799876371328
0.799876371328 0.799876371328
0.799876371328 0.638695906058
0.638695906058 0.638695906058
0.638695906058 0.920746148114
0.920746148114 0.920746148114
0.920746148114 0.2911609886
0.2911609886 0.2911609886
0.2911609886 0.823481206596
0.823481206596 0.823481206596
0.823481206596 0.579986036827
0.579986036827 0.579986036827
0.579986036827 0.971972913312
0.971972913312 0.971972913312
0.971972913312 0.10869386071
0.10869386071 0.10869386071
0.10869386071 0.386549226361
0.386549226361 0.386549226361
0.386549226361 0.946144398623
0.946144398623 0.946144398623
0.946144398623 0.203311150553
0.203311150553 0.203311150553
0.203311150553 0.64628314919
0.64628314919 0.64628314919
0.64628314919 0.91211894865
0.91211894865 0.91211894865
0.91211894865 0.319830308932
