1 4.0 2.44948974278 3.14159265359
2 2.66666666667 2.73861278753 3.14159265359
3 3.46666666667 2.85773803325 3.14159265359
4 2.89523809524 2.92261298613 3.14159265359
5 3.33968253968 2.96338770104 3.14159265359
6 2.97604617605 2.99137649475 3.14159265359
7 3.28373848374 3.01177394785 3.14159265359
8 3.01707181707 3.02729785666 3.14159265359
9 3.25236593472 3.03950758956 3.14159265359
10 3.04183961893 3.04936163598 3.14159265359
11 3.23231580941 3.05748150671 3.14159265359
12 3.05840276593 3.06428781783 3.14159265359
13 3.21840276593 3.07007537189 3.14159265359
14 3.07025461778 3.07505691557 3.14159265359
15 3.20818565226 3.07938982603 3.14159265359
16 3.0791533942 3.08319302034 3.14159265359
17 3.20036551541 3.08655802575 3.14159265359
18 3.08607980112 3.08955643497 3.14159265359
19 3.19418790923 3.0922450523 3.14159265359
20 3.09162380667 3.09466952411 3.14159265359
21 3.18918478228 3.09686694994 3.14159265359
22 3.09616152646 3.09886779322 3.14159265359
23 3.18505041535 3.1006973014 3.14159265359
24 3.09994403237 3.10237657636 3.14159265359
25 3.18157668544 3.1039233917 3.14159265359
26 3.10314531289 3.10535282395 3.14159265359
27 3.178617011 3.10667774542 3.14159265359
28 3.10588973827 3.10790921281 3.14159265359
29 3.17606517687 3.10905677641 3.14159265359
30 3.1082685667 3.11012872814 3.14159265359
