3.7 3.7
3.7 3.33333333333
3.33333333333 3.33333333333
3.33333333333 1.5
1.5 1.5
1.5 0.4
0.4 0.4
0.4 0.277777777778
0.277777777778 0.277777777778
0.277777777778 0.268656716418
0.268656716418 0.268656716418
0.268656716418 0.268
0.268 0.268
0.268 0.2679528403
0.2679528403 0.2679528403
0.2679528403 0.267949454337
0.267949454337 0.267949454337
0.267949454337 0.267949211235
0.267949211235 0.267949211235
0.267949211235 0.267949193781
0.267949193781 0.267949193781
0.267949193781 0.267949192528
0.267949192528 0.267949192528
0.267949192528 0.267949192438
0.267949192438 0.267949192438
0.267949192438 0.267949192432
0.267949192432 0.267949192432
0.267949192432 0.267949192431
0.267949192431 0.267949192431
0.267949192431 0.267949192431
0.267949192431 0.267949192431
0.267949192431 0.267949192431
0.267949192431 0.267949192431
0.267949192431 0.267949192431
0.267949192431 0.267949192431
0.267949192431 0.267949192431
0.267949192431 0.267949192431
0.267949192431 0.267949192431
0.267949192431 0.267949192431
0.267949192431 0.267949192431
