5 5
5 -1.0
-1.0 -1.0
-1.0 0.2
0.2 0.2
0.2 0.263157894737
0.263157894737 0.263157894737
0.263157894737 0.267605633803
0.267605633803 0.267605633803
0.267605633803 0.267924528302
0.267924528302 0.267924528302
0.267924528302 0.267947421638
0.267947421638 0.267947421638
0.267947421638 0.267949065294
0.267949065294 0.267949065294
0.267949065294 0.267949183303
0.267949183303 0.267949183303
0.267949183303 0.267949191776
0.267949191776 0.267949191776
0.267949191776 0.267949192384
0.267949192384 0.267949192384
0.267949192384 0.267949192428
0.267949192428 0.267949192428
0.267949192428 0.267949192431
0.267949192431 0.267949192431
0.267949192431 0.267949192431
0.267949192431 0.267949192431
0.267949192431 0.267949192431
0.267949192431 0.267949192431
0.267949192431 0.267949192431
0.267949192431 0.267949192431
0.267949192431 0.267949192431
0.267949192431 0.267949192431
0.267949192431 0.267949192431
0.267949192431 0.267949192431
0.267949192431 0.267949192431
0.267949192431 0.267949192431
0.267949192431 0.267949192431
0.267949192431 0.267949192431
0.267949192431 0.267949192431
